-3.473048303080569355e+01 3.854514093686128717e+01 2.927629338925314073e+01
3.194279502574272556e+01 4.777635643041179492e+01 2.424570201108824108e+01
2.504894767664410438e+01 -4.399665418947088824e+01 7.599160672235544212e+01
4.724314029091019052e+01 2.773275534689787492e+01 2.078207290642073701e+01
-1.915448256261667836e+01 -4.926053682353014551e+00 2.753986311597260794e+01
5.134157488528558133e+00 -7.189338819358333410e+01 2.238507397676465871e+01
7.662502615545463414e-03 1.062861677147878936e+00 2.205863844180996125e+01
-2.599394101907968491e+01 -8.622362182207457693e+01 1.778982379341248077e+01
-7.239725959004033484e+00 -9.867615697680487585e+01 -4.544498715042905701e+00
3.891418072441427967e+01 -1.663572718282441087e+01 -2.379314805442025715e+01
4.145294178806975083e+01 -5.144975696610258353e+01 6.281180609761122469e+01
-1.610325445488562934e+01 5.287523874100543253e+01 3.409031324824161402e+01
-6.681786083071017401e-01 1.687776266938527669e+01 3.415032676470659112e+01
-1.672711643159630057e-02 -2.402789351886104896e+01 4.500335648900986030e+01
1.355116811134948307e+00 -5.156665189945147176e+01 2.713807829733917742e+01
-5.332060601194951488e+01 2.532085604936511913e+01 -6.828377308232802534e-01
5.576160671208185704e-02 4.331597194198195666e-01 5.234611817340095286e+01
-1.049292351438612059e+01 -7.708011967312586421e+01 5.633666487063823070e+01
-1.823889297797671816e+01 -5.350939195504142276e+01 5.435822116541464766e+01
-4.221681526436766063e+01 5.701093238958520715e+00 4.735021378532096037e+00
2.512956631655323747e+01 -1.006281739051441093e+01 -2.128999944973639913e+01
-6.256116894730925537e+01 -3.922625862955342768e+01 3.755226332366707709e+01
-4.110438872404689192e+01 -2.451604090986022300e+01 5.595570239907445398e+01
1.211628404949851756e+01 -6.719988097652786507e+01 3.420881206896422100e+01
-3.098201531303037370e+01 -9.670806912038152348e+01 -9.186946238580688373e+00
-5.920398313948936675e+01 -1.525711505428718340e+01 6.309800329838907373e+00
-4.249850190398710481e+01 -4.803198039283044807e+01 5.451369517971565415e+01
4.645970726628365810e+01 -6.506242556887205808e+01 -1.767485913599666247e+01
4.812698017838164333e+01 -6.093727351698220218e+01 5.189167726549416670e+01
-4.823608522267257115e+01 -3.110698406750957190e+01 4.977807859310834715e+01
3.348567416006562780e+01 -7.853210215398496530e+01 1.971346502642934695e+01
9.164673157554119598e-01 4.177972586340860062e+01 1.012770703848282494e+01
-5.322191595042369272e-01 -4.801366672583984041e+01 -4.348305239461892313e+01
-2.256195916568958637e+01 2.419649383048158597e+01 1.692055575641562370e+01
4.742392233722779338e+01 -6.498002956763289717e+01 -7.026870651261418743e+00
-1.693300881215975551e-01 -6.073045654904706225e+01 -3.381424427333502791e+01
9.946531200139901330e+00 1.645122598452672946e+01 -1.719035845157435460e+00
6.450477274488582680e+01 -3.785795737132772842e+01 3.682377369438574988e+01
-1.337871711043447931e+00 5.638826887992206593e+01 1.045106554312300773e+01
6.474830426504212255e+00 1.090264893733080953e+01 4.768224591948656155e+01
-1.453317561497350141e+01 -2.173949724093456837e+01 3.083954546593233204e+00
-4.809054801174023908e+01 -3.265175390414347589e+01 4.071351216471441603e+01
-1.695529332237526887e+00 4.744847383850975575e+01 -1.408192827044811679e+01
8.887513294173245981e+00 -6.578922038452390098e+00 6.516891153733325837e+01
-2.482698562001138498e+01 2.909695223445143597e+01 4.315214872969798421e+01
3.461820441135540705e+01 -4.107051317790852352e+01 5.797512244481202970e+01
5.730592240783465741e+01 -1.947206364876223006e+01 3.848391046359833467e+01
5.991191321753456123e+01 1.533238042640306276e+00 4.512902281725217790e+00
1.813830079267899009e+01 -5.688100814110136128e+01 -8.179854710646438321e+00
-2.280250408358313052e-01 -6.633704926907026334e+01 -4.084973692384379973e+01
3.984836810600251056e+01 -2.219953502376429810e+01 5.541239262932165843e+01
-2.623333532846032767e-01 -5.526450970270926177e+01 6.674566256191451430e+01
1.354780322654275437e+01 1.158848537607383378e+01 7.833593128334442213e+00
2.531923944885714661e+01 3.980662822350788588e+01 3.698104196286337242e+01
2.458775823920889536e+01 2.529565518250677769e+00 3.524375216620411777e+01
-3.535801387653023653e+01 3.998716672530031246e+01 -1.667250870927217221e+01
-5.442333464511522578e+01 2.556815508722530694e+01 2.785787092792070041e+01
1.275118469588423409e+01 -1.816966439742543571e+00 1.751992746907443177e+01
-3.444193343027048115e+01 -7.272837279852323888e+01 -1.730739733184869067e+01
-5.796599885835149735e-01 2.569943729466891114e+01 4.120462722158933389e+00
-3.641211891947918389e+00 6.796392571664901538e+01 1.669504240724414501e+01
9.182461719834662972e+00 -7.428134311706784842e+01 -1.024435853791217710e+00
3.045526748427977282e+01 -5.541732002260383183e+01 5.279256345285992325e+01
-5.645857407382953852e+01 -5.154794833720210079e+01 1.239846380027427131e+01
1.165505104081887566e-02 -4.391855103781458070e+01 5.465133300766768798e+01
-9.777042000326460425e+00 1.401876765813381098e+01 -1.021575641514216670e+01
3.777007686815511533e+01 2.659713696892825396e+01 3.844799546009600988e+01
-2.567645300772393568e+01 6.102359664446083798e+00 5.854163980348766927e+01
-1.293888748532936006e+00 -5.761183313891140756e+01 -4.920626671133728536e+01
5.966817267586111484e+01 -2.400900003570409069e+01 1.755892591333534369e+01
-1.968133859832217070e+01 -3.444812585278027939e+01 2.360882651112177655e+01
-2.986289127250987008e+01 -6.213817983726812599e-01 -4.770780258240122862e+00
5.856155790157936281e+01 -2.988932757912792226e+01 2.982570334890263553e+01
3.855024794434280011e+01 7.905588134218817231e-01 8.428498640462578351e-02
-4.471960352962297947e+01 1.856423635271482908e+01 2.580404233846273598e+01
-1.368367005290785698e+01 1.805442731567123360e+01 6.173082885032422951e+01
1.290804577856434321e+00 -8.777054650631518484e+01 1.671056793810700469e+01
-1.159362629607656459e+00 -8.526871893182718054e+01 -6.415103617324646734e+00
3.091017305198529641e+01 6.252588051898345611e+01 3.276585579739986542e+00
-4.602711563857607757e+01 -5.304594351213249581e+01 -1.687028358728896649e+01
2.001768397674067046e+01 -7.396914123305553801e+01 -2.743586244984186351e+01
3.782576479676009740e-01 5.456040529874562139e+01 4.310463973688604256e+01
5.763796396918118603e+01 -3.935078077646181782e+00 2.525805940583531140e+01
2.475340406072018595e+01 -8.797155910985586047e+01 2.443473073784679173e+01
-2.450327316075069461e+01 -7.451862622708671324e+01 3.101034621764583221e+00
4.426129254791706558e+01 -1.135112064248241381e+01 9.198558848025044199e+00
2.054732135101031076e+01 -2.907394057154053257e+01 6.220103875650710279e+01
4.803574670797672752e+00 -7.772505495889159022e+01 1.084397657184820218e+01
-2.927954184144223859e+01 -9.158937931847704306e+01 3.617928587060106338e+00
-8.398447117275509299e-02 -3.829315299454788146e+01 2.604366197117157355e+01
-3.383359304019599278e+01 -7.365219737201597638e+01 -2.314933495399063190e+01
-2.800989604396183097e+01 4.575550351893852508e+01 1.556968043615043484e+00
-3.894122571602414240e+01 -4.928509946714689249e+01 1.089495833278358816e+01
-4.495676072276730650e+01 4.021724836088529287e+01 9.359277243005408309e+00
1.982565899672353282e+01 -3.404819050533670577e+01 1.720209964194623353e-01
-8.287575922267507167e-01 -4.564866299106245151e+01 -1.358295828352646595e+01
3.534923068405626623e+01 -7.783722525820056148e+01 3.479506750471401233e+01
2.313553195271740037e+01 3.769406379891270831e+01 1.712438653343832584e+01
-2.939319444407676940e+01 -1.111274297119905441e+01 6.067568867761758611e+01
4.296976541868679078e+01 -1.298838046931393819e+01 4.295484169676902297e+01
2.725839469069474319e+01 1.326330810796815740e+01 2.133703919665393300e+01
-6.458405940577122806e+00 -5.145760735176089895e+01 1.083802141536608588e+01
-1.187574155840734136e+01 -1.967881150425648684e+01 1.822788507068761987e+01
-2.477763799535463818e+01 6.220631712453351270e+01 -4.295051116387881507e+00
-2.341304543536966776e+01 1.208238040455566420e+01 -4.204415282951686095e+00
-2.422487818215586231e+01 -6.840189521674037110e+01 4.701086483038071151e+01
-1.931902297907927846e+01 -1.023404108640122701e+02 3.826376165227927117e+00
5.879270426416874784e+01 -5.649802427258933335e+01 3.605029990214774216e-01
5.480789730240337576e+01 -5.463329182656180194e+01 3.233974827384938067e+01
-3.542084639475289265e+01 2.509689692857295995e+01 8.368024619688583243e-01
2.636542011317004608e-01 -3.895729011492538518e+01 2.030067655734001164e+00
2.189492645129362813e+01 -8.681430164278185657e+01 -1.668663082718893520e+01
-4.810735300176668261e+01 -7.068262986208318921e+01 1.005672392323798192e+01
2.096592876301217245e+01 -1.941169034703341367e+01 5.200299517870541877e+01
-3.464570789561377495e+01 -3.783429202364553134e+01 6.164818301899046560e+01
-5.707462714618714017e-01 1.838156785231112167e+01 5.063501124059993685e+01
-2.579146144946831498e+01 -4.417370243311309252e+01 -1.145609627656054386e+01
4.063954665337487882e+01 -4.965436529999938386e+01 4.602474859939357543e+01
9.008729473313934477e-01 -8.897241208153820935e+01 3.701233345392623164e+00
-4.305324355954386562e+01 -7.986766678161845334e+01 3.001336475095314427e+01
1.011105880511991018e+00 3.528997434162738500e+01 3.092627809954630891e+01
1.998784740088282774e+01 -9.682173281026061318e+01 1.534829216657975337e+01
1.028951051050125898e+01 -3.420067245899531372e+01 5.300890497191832651e+01
3.010992012121386097e+01 -6.869599337100534342e+01 4.422441453563173752e+01
1.831002361240297205e+01 -2.422975668038985475e+01 -1.144185242242372169e+01
4.786255220344381200e+01 -6.337161913974391325e+01 2.817067567512637538e+01
-4.835303181507897818e+01 -6.133022985565645513e+01 2.618915953672465946e+01
1.939169720944660469e+01 -5.854505584436289212e+01 2.233068549927175184e+01
4.697430763299252021e+01 4.779248572744961621e+00 4.658472615147897500e+01
-9.076163424708170169e-01 -2.693515461136554734e+01 -1.645070645851826896e+01
1.601589784874597910e+01 3.585741693282596998e+01 -9.222063475072332039e+00
-3.138141068643548692e+01 -1.539403698933398346e+00 -1.357710425388692954e+01
-4.452980930958005956e-02 -1.303853457754333078e+01 1.139172669062428156e+01
5.708710821699690996e+01 -8.315075214574434881e+00 -1.512407775204061977e+01
3.065304906426288767e+01 -4.190582861810619875e+01 2.433868661095496577e+01
-2.745065772305677854e+01 2.988598255780510726e+01 5.553615114818802567e+01
-3.108642339111611363e-02 -4.024691901534872329e+01 6.872047806389929292e+01
-2.029578001952501154e-01 -2.828534112247827181e+01 -3.167510816546234764e+01
-1.526027950693107016e+01 -7.649217458200436681e+01 1.156404273838130337e+01
-1.461922196262939622e+01 -3.686019568209304964e+01 1.337615893789623556e+01
-4.612733883205594054e+01 5.074843350446425916e+01 -4.648729588994342521e+00
2.178685729908177393e+01 -2.510989657011205622e+01 7.023845748937552003e+01
5.130597454999801244e+00 -8.373779136767559805e+01 -2.283119300439904009e+01
4.424805539811495692e+01 4.551164733101299475e+01 6.025630626682655588e+00
-4.092455092148765061e+01 -6.285108056360053297e+01 5.342105178824232325e+01
5.365977855638195138e+01 -4.369605649557823313e+01 4.278177169264519364e+01
3.483720062976530585e+01 -6.413266389175144866e+01 -3.647971590135780673e+01
4.889138705727418710e+01 1.594121252986849413e+01 -4.680341102599598457e+00
1.279889305800168131e-01 4.460434456991760044e+01 -3.259446833166236956e+00
4.713741027527765937e+01 -1.433732225837994179e+01 6.163664024925446938e+01
-1.124062584702741674e+01 -6.336433587066927942e+01 1.635637924913166330e+01
3.563413679204643358e-01 -1.453527091006483829e+01 7.074268576874521841e+01
-1.676435713750602474e+01 -8.959009086919958520e+01 3.945964057594223107e+01
6.554612378107833592e-01 -6.187465005555350217e+01 -1.210977335557632273e+01
-2.623091257571664414e+01 -6.737236902034830166e+01 -8.762303706636757283e+00
-3.503318272483441831e+01 -7.566251859719649531e+01 -4.201328246618114548e+01
2.739736860469679414e+01 -1.767432078157391118e+01 3.056493765845040400e+01
-1.940197332169979916e+01 -1.880283521504891553e+01 1.407590382890306557e+01
-2.011948413732221752e+01 -9.082666053110098403e+01 -9.658828627046972315e+00
-5.911468813115322973e+01 -3.796643504256097401e+01 3.660208651442076189e-02
-2.723124237035116835e+01 -6.123820149432235382e+01 -2.257145958616054315e+01
5.403884241437449987e+01 -5.891561767506286174e+01 1.441224423743747707e+01
4.751653162444281975e+01 1.310181275530339917e-01 -6.266481202036473519e+00
-5.900272612136716077e+01 -1.929351642629708863e+01 -1.162451255225568048e+01
-8.471253470758455251e-01 -3.871159012337281524e+01 -3.737586867116305456e+01
-4.548098663402693376e+01 -7.106577149374950864e+01 4.214857853899650308e+01
-4.636011986426878195e+01 -2.940695814481995285e+01 1.351228581017460328e+01
-3.066057689455470836e+01 -2.826097142008018182e+01 -9.553111928554940846e+00
-6.439027199067339780e-01 4.548603342602774546e+00 9.397021810291860788e+00
-4.598359108696392639e+01 9.187523099808458937e+00 -3.697910605964607100e+01
-4.494119968460696413e+01 4.760835169325901006e+00 3.418422884474375678e+01
-3.330188540700034139e+01 -6.207679416302561037e+01 -3.262242085370446887e+01
1.992652194022737433e+01 -4.917396785997206621e+01 -2.932949291110845991e+01
-4.498996931486637152e+01 1.320435253322233393e+01 4.620739239230044859e+01
-3.576074179619180882e+01 5.191194315488519351e+01 2.917301378472180318e+01
-4.669000059858205987e-01 3.581649122108788674e+01 2.043367187862560286e+01
-5.504850546060522731e+01 -5.659045114288534251e+01 3.789113626504945387e+01
-7.268300089749288873e+00 -5.012045641053899203e+01 3.749160076828761134e+01
2.582755309544195654e+01 -8.495838210268473745e+01 -3.506920503563398483e+01
1.836940237990347669e+00 -2.505208261239772582e+00 7.350828130864670129e+01
1.545197526611545413e+00 -6.544170349633756700e+01 -2.300430924215132933e+01
-5.944056893731044511e-01 2.051976589636313975e+01 6.598105272277194899e+01
-3.660080592040962699e+01 -5.029009171882192675e+01 4.145407819371799008e+01
6.275056934354807936e-01 -8.242281707051509443e+01 3.057698894570661707e+01
-3.179858319552846524e+01 5.770591736488864854e+01 8.814576393741646143e+00
5.678949694219105027e+01 -2.659899950345803177e+01 -3.835169890148648619e-01
-1.963808015785247107e+01 -6.405454866461272445e+01 -5.301485299637965909e+01
3.278944695725598990e+00 -4.100434580463350187e+01 3.879535336875339624e+01
-2.135992375201786331e+01 -5.358669793803288428e+01 6.523321817125196276e+01
3.914807522296015918e+01 -1.214347148663854625e+01 -7.051094912941238135e+00
-4.290147070742531099e+01 -9.940421095313595856e+00 1.655982699770250122e+01
4.910886506031357612e+01 2.081087864730153569e+01 3.640812289297372217e+01
1.856178423073950512e+01 -7.408907981110965579e+01 -1.415292592788592430e+01
4.534450680385100441e+01 -8.178638848777828230e+01 1.513699979417003760e+01
2.299005789832619939e-01 -6.767638801560963202e+01 5.658908567684065360e+00
2.674668235584900344e+01 -2.252791372529259206e-01 5.759248577751634457e+01
1.636887333459939953e+01 -7.845698743692905452e+01 3.480631424359650339e+01
-9.862405471498590259e+00 -2.448284994625565503e+01 7.920930098143480791e+01
2.636087604517909710e+01 -1.615933752207922680e+00 1.280237571906131677e+01
-1.459066284076868669e-01 -4.800661622986682175e+01 -2.295705265762956060e+01
-4.066806293776323855e-01 -1.078288518670275664e+01 4.919243462079695917e+01
4.726907041280600197e+01 4.373785136737095058e+01 2.518224681318761782e+01
2.777655521578972753e+01 -7.298512666980079189e+01 -8.133098439929483447e+00
5.598480400914874622e+01 -1.593640535552329141e+01 7.661335521793915859e+00
1.042902070876294829e-01 -2.003216622465758689e+01 2.981095373850283181e+01
-7.235303217727960146e+00 -1.925218264407244817e+01 -4.060140817198728769e+00
3.014102666877401759e+01 -5.020312097440069010e+00 4.552950960996888341e+01
1.516211833828737099e+01 -6.470501675632053207e+01 6.445997886048249370e+01
-1.876947673258548832e+01 -8.039016346695446202e+01 -3.056297468686020125e+01
4.303696446738510417e+01 1.088628593616931539e+01 2.955316843038896479e+01
2.596950648991486332e+01 -5.408108042126193027e+01 -1.966882983116052230e+01
-5.065167708558073656e+01 -6.210917380710696989e+01 -3.826061251659282902e+00
-1.051446603823951875e+01 -4.943851534201112941e+01 -1.391445148325828995e+00
-2.652885415564703919e+01 5.081249893494634762e+01 2.214549384973241786e+01
1.754899400122347686e+01 -7.061756763562073047e+01 5.225665523857193762e+01
1.025302835643729793e+01 -7.766584577825096858e+01 4.370272790616738234e+01
-4.171207723276850743e+01 1.476003524031665393e+01 -1.921564239905188742e+01
-5.461807517762764519e-01 -6.397850911560765041e+01 2.966103845384552073e+01
-4.885163294744643281e-03 -2.596803169213588092e+01 6.050996818625787910e+01
-2.950845627083170086e+01 -4.913868179406158276e+01 3.369418515335325992e+00
-4.445360957286672487e+01 -2.656597551452790640e+00 5.358373517354476689e+01
1.267624672636458172e+01 -6.492502748480769981e+01 7.770543982300551988e+00
-4.434991986579746026e-01 -7.281253206791988930e+01 -1.161611165312338301e+01
-2.743590848038033414e+01 -3.936745150675562854e+00 5.872731790727002021e+00
6.091817318616469379e+01 -3.164096244172459649e+01 -4.601839346696536381e+00
3.624099373545533354e+01 1.592611250729297012e+01 8.642431338055800438e+00
-5.698505401426590566e+01 -3.880122604406287223e+01 2.256199617840820792e+01
-9.633092097965302969e+00 -1.590154421739767088e+01 8.144749953632015149e+00
-5.509197522737281361e-01 3.800965404783542567e+01 4.394062669638036311e+01
5.732854207373728173e+01 -4.228448841064953001e+01 1.307112753785328607e+01
-2.780650106975350866e+01 -4.905950618109515915e+01 2.603868258689381321e+01
-5.324766682207481949e+01 8.413028397053636809e+00 1.840327296971906890e+01
3.859631782524320442e+01 -5.160763737553729413e+01 -2.883270040049787752e+01
-2.906784244037801557e+01 -7.562100474126533811e+01 3.013612534483898742e+01
-5.235929259520872847e-01 5.402851941541771907e+01 2.404873573875005377e+01
4.962719576382102105e+01 3.238034643510459887e+01 -9.322145993391757202e+00
-3.042386896633777837e+01 -3.066530104034599447e+01 -2.099714370703589594e+01
2.005641655806067547e+01 -5.314791022918163321e+01 3.215364404194062331e+00
-5.267663151639572305e+01 -1.178997047966079492e+01 3.766224881280014358e+01
-4.765185113531669003e+01 -7.611840175747630610e+01 -2.703611490856701494e+00
3.442431445833733505e-01 -6.833420092211326846e+01 4.390894249045885545e+01
4.960803415776413772e+01 2.408488778976885669e+01 3.547092581193609817e+00
4.575592586239824300e+01 -2.992062990832639002e+01 5.505549943357107168e+01
-9.794875366871025335e-01 5.818391624115534455e+01 -3.639420693242968241e+00
3.065374925121146532e+01 1.873428540120116281e+01 6.102381416342956300e+01
-4.320120569817372314e+01 -1.978464805520690106e+01 6.643247603649717803e+01
2.138377580163437131e+01 -4.931323908443161486e+01 3.220177311498373740e+01
2.537569622320495455e+01 2.409526624405697248e+01 5.020389356475897102e+01
3.287579438788739594e+01 -6.182659199632141167e+01 1.547848710783988224e+01
-3.373140353339479702e+01 -2.041856204168689715e+01 2.990910374913403302e+01
-6.340284767314529546e+01 -1.972615262293102489e+01 3.164359193159165784e+01
1.331089093707274174e+01 -2.945403866222909528e+01 4.167303148108155142e+01
4.561290717372148151e+01 -4.134234162156640480e+01 4.546307192364253069e+00
-2.664919346357204688e+01 -1.997027665959508624e+01 3.836724728136093177e+01
3.936893548882144955e+01 -1.824240180296531832e+01 1.949076156456912656e+01
2.616358506198679379e-01 -5.735773338157406442e+01 5.163856213961639696e+01
